400 200
1 400
2 399
3 398
4 397
5 396
6 395
7 394
8 393
9 392
10 391
11 390
12 389
13 388
14 387
15 386
16 385
17 384
18 383
19 382
20 381
21 380
22 379
23 378
24 377
25 376
26 375
27 374
28 373
29 372
30 371
31 370
32 369
33 368
34 367
35 366
36 365
37 364
38 363
39 362
40 361
41 360
42 359
43 358
44 357
45 356
46 355
47 354
48 353
49 352
50 351
51 350
52 349
53 348
54 347
55 346
56 345
57 344
58 343
59 342
60 341
61 340
62 339
63 338
64 337
65 336
66 335
67 334
68 333
69 332
70 331
71 330
72 329
73 328
74 327
75 326
76 325
77 324
78 323
79 322
80 321
81 320
82 319
83 318
84 317
85 316
86 315
87 314
88 313
89 312
90 311
91 310
92 309
93 308
94 307
95 306
96 305
97 304
98 303
99 302
100 301
101 300
102 299
103 298
104 297
105 296
106 295
107 294
108 293
109 292
110 291
111 290
112 289
113 288
114 287
115 286
116 285
117 284
118 283
119 282
120 281
121 280
122 279
123 278
124 277
125 276
126 275
127 274
128 273
129 272
130 271
131 270
132 269
133 268
134 267
135 266
136 265
137 264
138 263
139 262
140 261
141 260
142 259
143 258
144 257
145 256
146 255
147 254
148 253
149 252
150 251
151 250
152 249
153 248
154 247
155 246
156 245
157 244
158 243
159 242
160 241
161 240
162 239
163 238
164 237
165 236
166 235
167 234
168 233
169 232
170 231
171 230
172 229
173 228
174 227
175 226
176 225
177 224
178 223
179 222
180 221
181 220
182 219
183 218
184 217
185 216
186 215
187 214
188 213
189 212
190 211
191 210
192 209
193 208
194 207
195 206
196 205
197 204
198 203
199 202
200 201
